-0.147620 0.007322 0.989017 0.500000 0.098414 0.995119 0.007322 0.150000 -0.984136 0.098414 -0.147620 -0.150000 0.000000 0.000000 0.000000 1.000000 
-0.000000 0.000000 1.000000 0.650000 0.099504 0.995037 0.000000 0.150000 -0.995037 0.099504 -0.000000 -0.150000 0.000000 0.000000 0.000000 1.000000 
0.147620 -0.007322 0.989017 0.800000 0.098414 0.995119 -0.007322 0.150000 -0.984136 0.098414 0.147620 -0.150000 0.000000 0.000000 0.000000 1.000000 
-0.148340 0.000000 0.988936 0.500000 -0.000000 1.000000 0.000000 0.050000 -0.988936 -0.000000 -0.148340 -0.150000 0.000000 0.000000 0.000000 1.000000 
-0.000000 0.000000 1.000000 0.650000 -0.000000 1.000000 0.000000 0.050000 -1.000000 -0.000000 -0.000000 -0.150000 0.000000 0.000000 0.000000 1.000000 
0.148340 0.000000 0.988936 0.800000 0.000000 1.000000 0.000000 0.050000 -0.988936 0.000000 0.148340 -0.150000 0.000000 0.000000 0.000000 1.000000 
-0.098414 -0.007322 0.995119 0.500000 -0.147620 0.989017 -0.007322 -0.050000 -0.984136 -0.147620 -0.098414 -0.150000 0.000000 0.000000 0.000000 1.000000 
0.000000 0.000000 1.000000 0.650000 -0.196116 0.980581 0.000000 -0.050000 -0.980581 -0.196116 0.000000 -0.150000 0.000000 0.000000 0.000000 1.000000 
0.098414 0.007322 0.995119 0.800000 -0.147620 0.989017 0.007322 -0.050000 -0.984136 -0.147620 0.098414 -0.150000 0.000000 0.000000 0.000000 1.000000 
-0.182913 0.011291 0.983064 0.500000 0.121942 0.992473 0.011291 0.150000 -0.975537 0.121942 -0.182913 0.050000 0.000000 0.000000 0.000000 1.000000 
-0.000000 0.000000 1.000000 0.650000 0.124035 0.992278 0.000000 0.150000 -0.992278 0.124035 -0.000000 0.050000 0.000000 0.000000 0.000000 1.000000 
0.182913 -0.011291 0.983064 0.800000 0.121942 0.992473 -0.011291 0.150000 -0.975537 0.121942 0.182913 0.050000 0.000000 0.000000 0.000000 1.000000 
-0.184289 0.000000 0.982872 0.500000 -0.000000 1.000000 0.000000 0.050000 -0.982872 -0.000000 -0.184289 0.050000 0.000000 0.000000 0.000000 1.000000 
-0.000000 0.000000 1.000000 0.650000 -0.000000 1.000000 0.000000 0.050000 -1.000000 -0.000000 -0.000000 0.050000 0.000000 0.000000 0.000000 1.000000 
0.184289 0.000000 0.982872 0.800000 0.000000 1.000000 0.000000 0.050000 -0.982872 0.000000 0.184289 0.050000 0.000000 0.000000 0.000000 1.000000 
-0.121942 -0.011291 0.992473 0.500000 -0.182913 0.983064 -0.011291 -0.050000 -0.975537 -0.182913 -0.121942 0.050000 0.000000 0.000000 0.000000 1.000000 
0.000000 0.000000 1.000000 0.650000 -0.242536 0.970143 0.000000 -0.050000 -0.970143 -0.242536 0.000000 0.050000 0.000000 0.000000 0.000000 1.000000 
0.121942 0.011291 0.992473 0.800000 -0.182913 0.983064 0.011291 -0.050000 -0.975537 -0.182913 0.121942 0.050000 0.000000 0.000000 0.000000 1.000000 
-0.239426 0.019521 0.970718 0.500000 0.159617 0.986986 0.019521 0.150000 -0.957704 0.159617 -0.239426 0.250000 0.000000 0.000000 0.000000 1.000000 
-0.000000 0.000000 1.000000 0.650000 0.164399 0.986394 0.000000 0.150000 -0.986394 0.164399 -0.000000 0.250000 0.000000 0.000000 0.000000 1.000000 
0.239426 -0.019521 0.970718 0.800000 0.159617 0.986986 -0.019521 0.150000 -0.957704 0.159617 0.239426 0.250000 0.000000 0.000000 0.000000 1.000000 
-0.242536 0.000000 0.970143 0.500000 -0.000000 1.000000 0.000000 0.050000 -0.970143 -0.000000 -0.242536 0.250000 0.000000 0.000000 0.000000 1.000000 
-0.000000 0.000000 1.000000 0.650000 -0.000000 1.000000 0.000000 0.050000 -1.000000 -0.000000 -0.000000 0.250000 0.000000 0.000000 0.000000 1.000000 
0.242536 0.000000 0.970143 0.800000 0.000000 1.000000 0.000000 0.050000 -0.970143 0.000000 0.242536 0.250000 0.000000 0.000000 0.000000 1.000000 
-0.159617 -0.019521 0.986986 0.500000 -0.239426 0.970718 -0.019521 -0.050000 -0.957704 -0.239426 -0.159617 0.250000 0.000000 0.000000 0.000000 1.000000 
0.000000 0.000000 1.000000 0.650000 -0.316228 0.948683 0.000000 -0.050000 -0.948683 -0.316228 0.000000 0.250000 0.000000 0.000000 0.000000 1.000000 
0.159617 0.019521 0.986986 0.800000 -0.239426 0.970718 0.019521 -0.050000 -0.957704 -0.239426 0.159617 0.250000 0.000000 0.000000 0.000000 1.000000 
